       1575.8707   7.4084830e-15
       1577.4139  -2.8504498e-14
       1578.9572  -3.3185298e-14
       1580.5005   5.2465567e-15
       1582.0438   4.2279929e-15
       1583.5871  -1.3400829e-15
       1585.1304   1.4198949e-15
       1586.6737   2.0302356e-15
       1588.2170   3.9302587e-15
       1589.7604   1.3478247e-16
       1591.3037   7.7299185e-16
       1592.8471   2.6246555e-15
       1594.3904   2.9972481e-15
       1595.9338   3.3483067e-15
       1597.4772   2.6108679e-16
       1599.0206   1.0976467e-16
       1600.5640   6.1384324e-16
       1602.1074   8.8593398e-16
       1603.6508   2.2838581e-16
       1605.1943   1.6738197e-15
       1606.7377   7.9993537e-16
       1608.2812   1.1017561e-15
       1609.8246   2.5018697e-15
       1611.3681   1.2952735e-15
       1612.9116   1.8906861e-16
       1614.4551   1.0855445e-15
       1615.9986   1.5581341e-15
       1617.5421   9.0838194e-16
       1619.0856   1.9605382e-15
       1620.6291   9.0111123e-16
       1622.1726   9.3796362e-16
       1623.7162   1.1427161e-15
       1625.2597   9.2687398e-16
       1626.8033   1.1122734e-15
       1628.3469   1.8553515e-15
       1629.8905   1.1810178e-15
       1631.4341   9.4805949e-16
       1632.9777   8.0205975e-16
       1634.5213   8.9248715e-16
       1636.0649   7.9717593e-16
       1637.6085   9.4828779e-16
       1639.1522   1.3403557e-15
       1640.6958   9.3968376e-16
       1642.2395   1.0059578e-15
       1643.7831   1.4901600e-15
       1645.3268   1.0370984e-15
       1646.8705   1.0271330e-15
       1648.4142   1.0757530e-15
       1649.9579   1.0411483e-15
       1651.5016   1.1486198e-15
       1653.0453   1.0838774e-15
       1654.5891   1.0818027e-15
       1656.1328   9.6432387e-16
       1657.6765   7.2878120e-16
       1659.2203   1.1566625e-15
       1660.7641   8.4610364e-16
       1662.3079   1.2435647e-15
       1663.8516   1.1196265e-15
       1665.3954   1.0126489e-15
       1666.9392   8.3231239e-16
       1668.4831   1.0097146e-15
       1670.0269   8.6914317e-16
       1671.5707   1.1092337e-15
       1673.1146   9.2805765e-16
       1674.6584   1.2662899e-15
       1676.2023   9.7338709e-16
       1677.7462   6.1817050e-16
       1679.2900   9.9342677e-16
       1680.8339   6.9494070e-16
       1682.3778   1.0121297e-15
       1683.9217   9.9716238e-16
       1685.4657   7.7808458e-16
       1687.0096   8.9492073e-16
       1688.5535   9.8255312e-16
       1690.0975   9.7387923e-16
       1691.6414   8.6042887e-16
       1693.1854   1.0799592e-15
       1694.7294   1.0097251e-15
       1696.2734   1.0691859e-15
       1697.8174   1.0133097e-15
       1699.3614   9.9336201e-16
       1700.9054   9.4516620e-16
       1702.4494   8.4548987e-16
       1703.9934   8.8828040e-16
       1705.5375   8.3831225e-16
       1707.0815   9.8660425e-16
       1708.6256   1.0171828e-15
       1710.1697   8.7889333e-16
       1711.7137   1.0424052e-15
       1713.2578   1.0866720e-15
       1714.8019   9.3545229e-16
       1716.3460   1.0875439e-15
       1717.8902   9.7506160e-16
       1719.4343   1.0874876e-15
       1720.9784   1.0855307e-15
       1722.5226   1.1082199e-15
       1724.0667   1.2126492e-15
       1725.6109   8.5999328e-16
       1727.1551   9.0576051e-16
       1728.6992   6.9970521e-16
       1730.2434   1.0328287e-15
       1731.7876   1.1026962e-15
       1733.3318   9.3478735e-16
       1734.8761   1.0107981e-15
       1736.4203   8.8799227e-16
       1737.9645   9.3566538e-16
       1739.5088   8.9665945e-16
       1741.0530   9.1490711e-16
       1742.5973   7.6421515e-16
       1744.1416   9.8178228e-16
       1745.6859   8.6485667e-16
       1747.2302   1.0976857e-15
       1748.7745   9.0173454e-16
       1750.3188   9.8696581e-16
       1751.8631   8.4697674e-16
       1753.4074   9.8588514e-16
       1754.9518   1.0385070e-15
       1756.4961   7.9992418e-16
       1758.0405   8.8869682e-16
       1759.5849   9.0607219e-16
       1761.1292   8.6430654e-16
       1762.6736   8.2802475e-16
       1764.2180   9.8283070e-16
       1765.7624   9.8529011e-16
       1767.3069   7.3090483e-16
       1768.8513   8.4257005e-16
       1770.3957   8.9655781e-16
       1771.9402   1.0117911e-15
       1773.4846   9.0895189e-16
       1775.0291   7.9292547e-16
       1776.5736   8.2338278e-16
       1778.1180   8.6866974e-16
       1779.6625   8.4254359e-16
       1781.2070   8.7130892e-16
       1782.7515   8.4450043e-16
       1784.2961   8.2477417e-16
       1785.8406   8.0200615e-16
       1787.3851   9.7564867e-16
       1788.9297   1.0270428e-15
       1790.4742   9.6588272e-16
       1792.0188   9.0981433e-16
       1793.5634   8.3542451e-16
       1795.1080   8.5971456e-16
       1796.6526   8.2141752e-16
       1798.1972   8.0557640e-16
       1799.7418   8.6538341e-16
       1801.2864   7.3342056e-16
       1802.8311   7.8120165e-16
       1804.3757   8.0578464e-16
       1805.9203   8.6491508e-16
       1807.4650   8.1984998e-16
       1809.0097   8.3493112e-16
       1810.5544   8.4325132e-16
       1812.0991   8.5276392e-16
       1813.6438   1.0263653e-15
       1815.1885   8.2718628e-16
       1816.7332   8.7085678e-16
       1818.2779   9.1411614e-16
       1819.8226   8.0586961e-16
       1821.3674   8.6760155e-16
       1822.9121   8.6225573e-16
       1824.4569   8.0199967e-16
       1826.0017   9.1105052e-16
       1827.5465   8.5088844e-16
       1829.0913   8.4671919e-16
       1830.6361   8.9245901e-16
       1832.1809   8.6943768e-16
       1833.7257   8.1794529e-16
       1835.2705   8.1582723e-16
       1836.8154   8.0518548e-16
       1838.3602   6.7735391e-16
       1839.9051   7.0986807e-16
       1841.4500   7.3855363e-16
       1842.9948   8.1547657e-16
       1844.5397   8.1830740e-16
       1846.0846   7.2618897e-16
       1847.6295   7.6766026e-16
       1849.1744   8.2482978e-16
       1850.7194   8.4643933e-16
       1852.2643   7.4868158e-16
       1853.8092   7.7799871e-16
       1855.3542   7.1633657e-16
       1856.8992   8.8463654e-16
       1858.4441   7.0467915e-16
       1859.9891   6.9912655e-16
       1861.5341   6.7836471e-16
       1863.0791   7.3837643e-16
       1864.6241   8.9987620e-16
       1866.1691   9.4095735e-16
       1867.7142   7.9456381e-16
       1869.2592   8.0318674e-16
       1870.8042   7.3489518e-16
       1872.3493   6.9632414e-16
       1873.8944   6.8144773e-16
       1875.4394   7.0220752e-16
       1876.9845   7.1262089e-16
       1878.5296   7.4625250e-16
       1880.0747   6.5912580e-16
       1881.6198   6.3521991e-16
       1883.1650   7.2308278e-16
       1884.7101   7.6494861e-16
       1886.2552   7.1142374e-16
       1887.8004   7.3680077e-16
       1889.3456   7.8215143e-16
       1890.8907   7.0012763e-16
       1892.4359   7.5237088e-16
       1893.9811   8.2458331e-16
       1895.5263   6.6076217e-16
       1897.0715   7.1581321e-16
       1898.6167   6.2763430e-16
       1900.1619   6.8662518e-16
       1901.7072   7.0932908e-16
       1903.2524   6.6404418e-16
       1904.7977   7.0730010e-16
       1906.3429   5.8042235e-16
       1907.8882   7.0461784e-16
       1909.4335   7.6085403e-16
       1910.9788   7.0566968e-16
       1912.5241   7.0451428e-16
       1914.0694   6.2595930e-16
       1915.6147   7.0298528e-16
       1917.1600   6.4850958e-16
       1918.7054   6.0417595e-16
       1920.2507   7.0477973e-16
       1921.7961   8.0755713e-16
       1923.3415   6.6998394e-16
       1924.8868   6.3778223e-16
       1926.4322   6.1809334e-16
       1927.9776   6.3321875e-16
       1929.5230   5.9874939e-16
       1931.0684   6.3992549e-16
       1932.6139   5.5862282e-16
       1934.1593   6.4340275e-16
       1935.7047   5.6677712e-16
       1937.2502   6.7558798e-16
       1938.7957   6.0713082e-16
       1940.3411   6.1976218e-16
       1941.8866   5.8156664e-16
       1943.4321   6.7271176e-16
       1944.9776   5.9382966e-16
       1946.5231   5.8342536e-16
       1948.0686   6.4174763e-16
       1949.6141   4.6193022e-16
       1951.1597   5.6128621e-16
       1952.7052   5.7445339e-16
       1954.2508   5.0991147e-16
       1955.7964   5.7095387e-16
       1957.3419   5.3328569e-16
       1958.8875   5.5083944e-16
       1960.4331   4.6779838e-16
       1961.9787   4.9508757e-16
       1963.5243   5.6582076e-16
       1965.0699   5.3883012e-16
       1966.6156   5.7950904e-16
       1968.1612   5.6404363e-16
       1969.7069   4.8789662e-16
       1971.2525   5.3283870e-16
       1972.7982   5.2547538e-16
       1974.3439   5.3725735e-16
       1975.8896   5.5283169e-16
       1977.4353   5.0372102e-16
       1978.9810   5.4223005e-16
       1980.5267   4.3743885e-16
       1982.0724   5.2468141e-16
       1983.6181   5.5205805e-16
       1985.1639   4.9080738e-16
       1986.7096   4.9713426e-16
       1988.2554   4.6269039e-16
       1989.8012   5.0463495e-16
       1991.3470   4.3782258e-16
       1992.8927   4.6315728e-16
       1994.4385   4.6207806e-16
       1995.9844   4.5147753e-16
       1997.5302   4.9629070e-16
       1999.0760   4.5088279e-16
       2000.6218   4.5336635e-16
       2002.1677   4.6961932e-16
       2003.7135   4.6284621e-16
       2005.2594   4.9874779e-16
       2006.8053   4.3345333e-16
       2008.3512   3.9916734e-16
       2009.8971   4.4106041e-16
       2011.4430   3.6956593e-16
       2012.9889   4.2276337e-16
       2014.5348   4.5714734e-16
       2016.0807   4.4899151e-16
       2017.6267   4.5680730e-16
       2019.1726   4.4286166e-16
       2020.7186   3.8228188e-16
       2022.2646   4.3312942e-16
       2023.8105   4.5560760e-16
       2025.3565   4.4396751e-16
       2026.9025   4.1683858e-16
       2028.4485   4.1145355e-16
       2029.9946   4.2621958e-16
       2031.5406   3.8805452e-16
       2033.0866   3.5976022e-16
       2034.6327   3.3255043e-16
       2036.1787   3.7634765e-16
       2037.7248   3.7976633e-16
       2039.2709   3.8004942e-16
       2040.8169   3.9391192e-16
       2042.3630   3.4010627e-16
       2043.9091   3.3038762e-16
       2045.4553   3.3114965e-16
       2047.0014   3.4948866e-16
       2048.5475   3.0900846e-16
       2050.0936   3.4375164e-16
       2051.6398   2.9585836e-16
       2053.1860   3.2644998e-16
       2054.7321   3.6064283e-16
       2056.2783   3.6072875e-16
       2057.8245   2.9972429e-16
       2059.3707   3.1504317e-16
       2060.9169   3.6806256e-16
       2062.4631   3.0579094e-16
       2064.0093   2.5140254e-16
       2065.5556   3.0509199e-16
       2067.1018   2.7358941e-16
       2068.6481   3.3545709e-16
       2070.1943   3.3713726e-16
       2071.7406   3.3787186e-16
       2073.2869   3.2341651e-16
       2074.8332   3.2634183e-16
       2076.3795   3.0657992e-16
       2077.9258   2.9358545e-16
       2079.4721   3.2541876e-16
       2081.0184   2.7744014e-16
       2082.5648   2.9243526e-16
       2084.1111   2.4884010e-16
       2085.6575   2.5485100e-16
       2087.2038   2.9802551e-16
       2088.7502   2.8216088e-16
       2090.2966   3.0301213e-16
       2091.8430   3.0445169e-16
       2093.3894   2.9589065e-16
       2094.9358   2.4601942e-16
       2096.4822   2.8528969e-16
       2098.0287   2.6477699e-16
       2099.5751   2.6889242e-16
       2101.1216   2.9789214e-16
       2102.6680   2.5400573e-16
       2104.2145   2.7621930e-16
       2105.7610   2.4619144e-16
       2107.3075   2.9373333e-16
       2108.8539   2.2880828e-16
       2110.4005   2.1887267e-16
       2111.9470   2.6286699e-16
       2113.4935   2.3053131e-16
       2115.0400   2.9448558e-16
       2116.5866   2.2469165e-16
       2118.1331   2.2628668e-16
       2119.6797   1.8845642e-16
       2121.2263   2.4121023e-16
       2122.7729   2.5062399e-16
       2124.3195   2.4877879e-16
       2125.8661   2.5108233e-16
       2127.4127   2.2268940e-16
       2128.9593   2.4805264e-16
       2130.5059   2.5575899e-16
       2132.0526   2.6507074e-16
       2133.5992   2.0456679e-16
       2135.1459   2.4062034e-16
       2136.6925   2.5687505e-16
       2138.2392   2.1242753e-16
       2139.7859   2.2949421e-16
       2141.3326   2.8772801e-16
       2142.8793   2.2247594e-16
       2144.4260   2.2205290e-16
       2145.9727   2.3300984e-16
       2147.5195   2.7647938e-16
       2149.0662   2.4875100e-16
       2150.6130   2.3258083e-16
       2152.1597   2.3152106e-16
       2153.7065   2.5018531e-16
       2155.2533   1.8526902e-16
       2156.8001   2.2877153e-16
       2158.3469   2.2493112e-16
       2159.8937   2.2274279e-16
       2161.4405   2.0659097e-16
       2162.9873   1.9564881e-16
       2164.5342   1.9937795e-16
       2166.0810   2.2114974e-16
       2167.6279   2.4155079e-16
       2169.1747   2.1803975e-16
       2170.7216   2.3817492e-16
       2172.2685   2.1628244e-16
       2173.8154   2.0383986e-16
       2175.3623   2.3359530e-16
       2176.9092   2.2798577e-16
       2178.4561   2.1771305e-16
       2180.0031   2.3208714e-16
       2181.5500   2.0051160e-16
       2183.0970   2.7492280e-16
       2184.6439   2.1771297e-16
       2186.1909   2.2489692e-16
       2187.7379   2.3500506e-16
       2189.2849   2.3837545e-16
       2190.8319   2.3503200e-16
       2192.3789   1.9360999e-16
       2193.9259   1.7734123e-16
       2195.4729   1.7559053e-16
       2197.0200   1.9303085e-16
       2198.5670   2.0854794e-16
       2200.1141   1.7329751e-16
       2201.6611   2.1850916e-16
       2203.2082   2.0759307e-16
       2204.7553   2.0323281e-16
       2206.3024   2.1443465e-16
       2207.8495   2.2003463e-16
       2209.3966   2.4708794e-16
       2210.9437   2.4080770e-16
       2212.4908   1.8188565e-16
       2214.0380   2.4178291e-16
       2215.5851   2.1312318e-16
       2217.1323   2.5162939e-16
       2218.6795   1.9827327e-16
       2220.2266   2.4747410e-16
       2221.7738   2.4613605e-16
       2223.3210   2.2011148e-16
       2224.8682   1.8821790e-16
       2226.4154   1.9395796e-16
       2227.9627   2.1167019e-16
       2229.5099   2.2447706e-16
       2231.0571   2.6017228e-16
       2232.6044   2.4865858e-16
       2234.1517   2.1288142e-16
       2235.6989   2.1152281e-16
       2237.2462   2.5107473e-16
       2238.7935   2.7751460e-16
       2240.3408   2.4923805e-16
       2241.8881   2.5224639e-16
       2243.4354   2.4457030e-16
       2244.9828   2.6425744e-16
       2246.5301   2.6233296e-16
       2248.0775   2.3784527e-16
       2249.6248   2.5246495e-16
       2251.1722   2.7739460e-16
       2252.7196   2.5571977e-16
       2254.2669   2.2742473e-16
       2255.8143   2.8049118e-16
       2257.3617   2.7635053e-16
       2258.9092   2.7334059e-16
       2260.4566   2.9572221e-16
       2262.0040   2.3410306e-16
       2263.5515   2.5253637e-16
       2265.0989   2.1835541e-16
       2266.6464   2.5366609e-16
       2268.1938   2.5251514e-16
       2269.7413   2.8637524e-16
       2271.2888   2.5479878e-16
       2272.8363   2.8881050e-16
       2274.3838   2.9771228e-16
       2275.9313   2.9782595e-16
       2277.4789   2.7676214e-16
       2279.0264   2.6561675e-16
       2280.5739   2.6821204e-16
       2282.1215   3.0989447e-16
       2283.6691   3.2208014e-16
       2285.2166   2.7740931e-16
       2286.7642   2.4647486e-16
       2288.3118   3.3235915e-16
       2289.8594   3.0713395e-16
       2291.4070   2.8734500e-16
       2292.9547   2.8615206e-16
       2294.5023   3.2627784e-16
       2296.0499   2.7532930e-16
       2297.5976   3.1978095e-16
       2299.1452   3.2050581e-16
       2300.6929   3.4507542e-16
       2302.2406   3.0273192e-16
       2303.7883   3.0825759e-16
       2305.3360   3.4694466e-16
       2306.8837   3.0371358e-16
       2308.4314   3.5076713e-16
       2309.9791   2.9558410e-16
       2311.5269   3.2921131e-16
       2313.0746   3.7173711e-16
       2314.6224   3.3850806e-16
       2316.1701   3.0338493e-16
       2317.7179   3.6816139e-16
       2319.2657   3.9427496e-16
       2320.8135   3.8026046e-16
       2322.3613   3.4136271e-16
       2323.9091   3.9458058e-16
       2325.4569   3.4378949e-16
       2327.0047   3.3096884e-16
       2328.5526   3.8613559e-16
       2330.1004   3.3619110e-16
       2331.6483   4.0850647e-16
       2333.1962   3.5413452e-16
       2334.7440   4.0300557e-16
       2336.2919   3.5745226e-16
       2337.8398   3.8952312e-16
       2339.3877   3.7629198e-16
       2340.9356   4.2056439e-16
       2342.4836   3.7836503e-16
       2344.0315   3.8680517e-16
       2345.5794   3.5115055e-16
       2347.1274   3.7932601e-16
       2348.6754   4.1863265e-16
       2350.2233   3.8505448e-16
       2351.7713   4.0080317e-16
       2353.3193   4.2620147e-16
       2354.8673   3.8703482e-16
       2356.4153   4.1341380e-16
       2357.9633   4.4857269e-16
       2359.5114   4.3744006e-16
       2361.0594   4.2099799e-16
       2362.6074   4.4876483e-16
       2364.1555   3.9532238e-16
       2365.7036   3.8774094e-16
       2367.2516   3.9168053e-16
       2368.7997   4.1522144e-16
       2370.3478   3.8247028e-16
       2371.8959   3.8515433e-16
       2373.4440   4.1983232e-16
       2374.9922   4.4005944e-16
       2376.5403   3.6299522e-16
       2378.0884   4.5475380e-16
       2379.6366   4.7819988e-16
       2381.1848   4.5357553e-16
       2382.7329   3.9397018e-16
       2384.2811   4.3536887e-16
       2385.8293   4.5528280e-16
       2387.3775   4.9691917e-16
       2388.9257   4.4428820e-16
       2390.4739   4.6955129e-16
       2392.0222   4.4177667e-16
       2393.5704   4.8592817e-16
       2395.1186   4.5828246e-16
       2396.6669   5.0502926e-16
       2398.2152   4.5799033e-16
       2399.7634   5.0794652e-16
       2401.3117   4.8487992e-16
       2402.8600   5.0032510e-16
       2404.4083   5.4350705e-16
       2405.9566   4.8504905e-16
       2407.5049   4.9228508e-16
       2409.0533   4.8255514e-16
       2410.6016   4.8752132e-16
       2412.1500   4.4893617e-16
       2413.6983   5.3370248e-16
       2415.2467   4.8909609e-16
       2416.7951   5.2116123e-16
       2418.3435   4.7051206e-16
       2419.8919   4.8846225e-16
       2421.4403   5.2197153e-16
       2422.9887   5.0514757e-16
       2424.5371   4.9147289e-16
       2426.0856   5.2335094e-16
       2427.6340   5.6463694e-16
       2429.1825   4.9461701e-16
       2430.7309   5.4876798e-16
       2432.2794   5.2886589e-16
       2433.8279   5.7140668e-16
       2435.3764   5.7773903e-16
       2436.9249   5.4624550e-16
       2438.4734   5.1689993e-16
       2440.0219   5.5518306e-16
       2441.5704   5.3706849e-16
       2443.1190   5.9736374e-16
       2444.6675   5.6944803e-16
       2446.2161   5.0148503e-16
       2447.7647   5.1534362e-16
       2449.3132   5.6000551e-16
       2450.8618   5.4717504e-16
       2452.4104   5.3665588e-16
       2453.9590   5.6811588e-16
       2455.5076   5.2838778e-16
       2457.0563   5.1186694e-16
       2458.6049   5.2688991e-16
       2460.1535   5.0851133e-16
       2461.7022   6.3074846e-16
       2463.2509   5.7996704e-16
       2464.7995   5.6014280e-16
       2466.3482   5.8606613e-16
       2467.8969   5.6858709e-16
       2469.4456   5.9616400e-16
       2470.9943   5.7142061e-16
       2472.5430   5.8253630e-16
       2474.0918   5.5908692e-16
       2475.6405   5.7159740e-16
       2477.1893   5.9141618e-16
       2478.7380   5.3978680e-16
       2480.2868   5.1797523e-16
       2481.8356   6.0829096e-16
       2483.3843   5.8273177e-16
       2484.9331   5.9033404e-16
       2486.4819   5.5966660e-16
       2488.0308   5.6470456e-16
       2489.5796   5.3820786e-16
       2491.1284   5.8507780e-16
       2492.6773   5.7505376e-16
       2494.2261   6.2462396e-16
       2495.7750   6.1297795e-16
       2497.3238   5.9794638e-16
       2498.8727   5.7801292e-16
       2500.4216   5.8796671e-16
       2501.9705   6.1494754e-16
       2503.5194   5.9304225e-16
       2505.0683   6.0984650e-16
       2506.6173   6.2546469e-16
       2508.1662   6.1582739e-16
       2509.7152   6.1592071e-16
       2511.2641   6.2169374e-16
       2512.8131   6.3270432e-16
       2514.3621   5.9969780e-16
       2515.9110   6.3430863e-16
       2517.4600   5.8048827e-16
       2519.0090   5.7176669e-16
       2520.5581   6.2513850e-16
       2522.1071   6.0681332e-16
       2523.6561   6.2985793e-16
       2525.2052   6.3215536e-16
       2526.7542   6.0079619e-16
       2528.3033   6.3294430e-16
       2529.8523   6.4300800e-16
       2531.4014   6.3355412e-16
       2532.9505   6.5744407e-16
       2534.4996   5.9569635e-16
       2536.0487   6.4632144e-16
       2537.5978   6.4531119e-16
       2539.1470   6.5890998e-16
       2540.6961   6.1599566e-16
       2542.2452   6.5903264e-16
       2543.7944   6.4533563e-16
       2545.3436   6.5104334e-16
       2546.8927   6.4623883e-16
       2548.4419   6.9581900e-16
       2549.9911   6.4084157e-16
       2551.5403   6.5585249e-16
       2553.0895   6.8482459e-16
       2554.6388   6.1233605e-16
       2556.1880   6.5307032e-16
       2557.7372   7.0252247e-16
       2559.2865   6.6867380e-16
       2560.8357   7.3462578e-16
       2562.3850   6.3812909e-16
       2563.9343   6.1293066e-16
       2565.4836   6.6424877e-16
       2567.0329   6.8354942e-16
       2568.5822   6.3851412e-16
       2570.1315   6.8379370e-16
       2571.6808   7.1998251e-16
       2573.2302   6.8071365e-16
       2574.7795   7.0315130e-16
       2576.3289   6.0648460e-16
       2577.8782   6.4120025e-16
       2579.4276   6.8312640e-16
       2580.9770   6.4442045e-16
       2582.5264   6.4115092e-16
       2584.0758   6.6659829e-16
       2585.6252   6.3455691e-16
       2587.1746   6.5619856e-16
       2588.7241   5.8229827e-16
       2590.2735   6.4168125e-16
       2591.8229   6.9698261e-16
       2593.3724   5.9776661e-16
       2594.9219   6.7553026e-16
       2596.4714   6.8898160e-16
       2598.0208   6.6373681e-16
       2599.5703   6.1855318e-16
       2601.1198   6.3171028e-16
       2602.6694   6.4225224e-16
       2604.2189   6.6396137e-16
       2605.7684   7.1236977e-16
       2607.3180   6.2082630e-16
       2608.8675   7.0038049e-16
       2610.4171   6.5924492e-16
       2611.9667   6.9748541e-16
       2613.5162   7.1954549e-16
       2615.0658   7.0646705e-16
       2616.6154   6.8916737e-16
       2618.1651   6.6440283e-16
       2619.7147   7.0795378e-16
       2621.2643   7.0133383e-16
       2622.8139   6.6568964e-16
       2624.3636   6.8238603e-16
       2625.9133   7.2478919e-16
       2627.4629   7.0691496e-16
       2629.0126   7.0451630e-16
       2630.5623   7.1924424e-16
       2632.1120   6.6616337e-16
       2633.6617   7.2367177e-16
       2635.2114   7.0223119e-16
       2636.7611   7.8236657e-16
       2638.3109   6.7879853e-16
       2639.8606   7.2135949e-16
       2641.4104   7.3481116e-16
       2642.9601   6.9179136e-16
       2644.5099   7.0450481e-16
       2646.0597   7.6870814e-16
       2647.6095   8.1610533e-16
       2649.1593   7.5944280e-16
       2650.7091   7.1194114e-16
       2652.2589   6.9912195e-16
       2653.8087   7.4939716e-16
       2655.3586   7.1316333e-16
       2656.9084   7.3917444e-16
       2658.4583   7.1040789e-16
       2660.0082   6.6283748e-16
       2661.5580   7.5298851e-16
       2663.1079   7.9024118e-16
       2664.6578   7.1337120e-16
       2666.2077   7.0947075e-16
       2667.7576   7.4517276e-16
       2669.3076   6.9900723e-16
       2670.8575   7.3814347e-16
       2672.4074   7.4830811e-16
       2673.9574   7.4501773e-16
       2675.5074   7.2746062e-16
       2677.0573   7.6050638e-16
       2678.6073   7.2528067e-16
       2680.1573   7.4646902e-16
       2681.7073   7.7875228e-16
       2683.2573   7.2754546e-16
       2684.8073   6.8599432e-16
       2686.3574   7.4361849e-16
       2687.9074   7.4930783e-16
       2689.4574   6.8314638e-16
       2691.0075   7.3173672e-16
       2692.5576   7.5009697e-16
       2694.1076   7.2649948e-16
       2695.6577   7.4302558e-16
       2697.2078   7.1937812e-16
       2698.7579   7.3285431e-16
       2700.3080   7.1446586e-16
       2701.8582   7.0086940e-16
       2703.4083   7.2930712e-16
       2704.9584   7.2300743e-16
       2706.5086   6.9395520e-16
       2708.0588   7.2070967e-16
       2709.6089   7.6129081e-16
       2711.1591   7.0232260e-16
       2712.7093   7.5975105e-16
       2714.2595   7.8226498e-16
       2715.8097   6.7694364e-16
       2717.3599   7.4618143e-16
       2718.9102   7.1726865e-16
       2720.4604   8.3281181e-16
       2722.0107   8.2608510e-16
       2723.5609   7.4367585e-16
       2725.1112   7.7491719e-16
       2726.6615   7.6854516e-16
       2728.2117   7.3546252e-16
       2729.7620   7.8714738e-16
       2731.3123   7.7362015e-16
       2732.8627   8.0297707e-16
       2734.4130   8.6019423e-16
       2735.9633   7.7017048e-16
       2737.5137   7.9102489e-16
       2739.0640   7.5767452e-16
       2740.6144   7.8854229e-16
       2742.1647   7.6836000e-16
       2743.7151   7.4753670e-16
       2745.2655   7.9286491e-16
       2746.8159   7.8085169e-16
       2748.3663   7.3899613e-16
       2749.9167   8.1701140e-16
       2751.4672   8.0556440e-16
       2753.0176   7.4696722e-16
       2754.5681   8.4248772e-16
       2756.1185   7.8030768e-16
       2757.6690   7.7210573e-16
       2759.2194   8.2312909e-16
       2760.7699   7.4774056e-16
       2762.3204   8.0468853e-16
       2763.8709   7.4970425e-16
       2765.4214   7.2299354e-16
       2766.9720   7.7503872e-16
       2768.5225   7.7247600e-16
       2770.0730   7.6726129e-16
       2771.6236   7.6806792e-16
       2773.1742   7.7788671e-16
       2774.7247   8.3657429e-16
       2776.2753   8.0602978e-16
       2777.8259   7.6992014e-16
       2779.3765   7.6979129e-16
       2780.9271   8.2319394e-16
       2782.4777   7.9559013e-16
       2784.0284   7.3576045e-16
       2785.5790   7.6247807e-16
       2787.1296   7.7222967e-16
       2788.6803   7.3403296e-16
       2790.2310   7.8845745e-16
       2791.7816   6.8493477e-16
       2793.3323   7.7572595e-16
       2794.8830   7.5232955e-16
       2796.4337   6.4503165e-16
       2797.9844   6.9620002e-16
       2799.5352   7.7379930e-16
       2801.0859   7.5862581e-16
       2802.6366   7.0380959e-16
       2804.1874   6.4569740e-16
       2805.7381   7.4037221e-16
       2807.2889   8.1775748e-16
       2808.8397   7.5784328e-16
       2810.3905   7.3450824e-16
       2811.9413   7.7777070e-16
       2813.4921   7.9302456e-16
       2815.0429   8.2098278e-16
       2816.5937   7.3855908e-16
       2818.1446   7.7018806e-16
       2819.6954   7.9505892e-16
       2821.2463   8.1873516e-16
       2822.7971   8.0699342e-16
       2824.3480   8.9960556e-16
       2825.8989   7.5804818e-16
       2827.4498   7.9701045e-16
       2829.0007   8.5997276e-16
       2830.5516   8.4711543e-16
       2832.1025   8.1877629e-16
       2833.6535   8.0621792e-16
       2835.2044   8.5034196e-16
       2836.7554   8.2361128e-16
       2838.3063   7.7201800e-16
       2839.8573   8.3239575e-16
       2841.4083   8.1960019e-16
       2842.9593   7.9864670e-16
       2844.5103   8.6045100e-16
       2846.0613   8.6927163e-16
       2847.6123   8.4623856e-16
       2849.1633   8.2149558e-16
       2850.7144   7.6939318e-16
       2852.2654   7.9976370e-16
       2853.8165   6.9961424e-16
       2855.3675   7.4007116e-16
       2856.9186   7.6817514e-16
       2858.4697   8.1177162e-16
       2860.0208   7.9535724e-16
       2861.5719   7.4662523e-16
       2863.1230   8.0729376e-16
       2864.6741   8.7611722e-16
       2866.2253   8.3967391e-16
       2867.7764   8.1924357e-16
       2869.3275   8.0114894e-16
       2870.8787   8.2500700e-16
       2872.4299   8.0173740e-16
       2873.9811   8.3444523e-16
       2875.5322   8.4805447e-16
       2877.0834   8.7138637e-16
       2878.6347   8.4093545e-16
       2880.1859   8.4951138e-16
       2881.7371   7.8738355e-16
       2883.2883   7.6643458e-16
       2884.8396   8.2636013e-16
       2886.3908   8.2727957e-16
       2887.9421   8.4417717e-16
       2889.4934   8.6025164e-16
       2891.0447   8.1134958e-16
       2892.5960   8.3151841e-16
       2894.1473   8.0734963e-16
       2895.6986   7.8325979e-16
       2897.2499   8.4885429e-16
       2898.8012   7.9103137e-16
       2900.3526   7.5009451e-16
       2901.9039   8.5926641e-16
       2903.4553   8.1272629e-16
       2905.0067   8.8789242e-16
       2906.5580   8.2222184e-16
       2908.1094   7.8156402e-16
       2909.6608   8.2590925e-16
       2911.2122   8.4535917e-16
       2912.7637   7.7349345e-16
       2914.3151   8.5955669e-16
       2915.8665   8.2395813e-16
       2917.4180   7.8338696e-16
       2918.9694   8.3887745e-16
       2920.5209   8.6069310e-16
       2922.0724   7.9027899e-16
       2923.6238   8.7051557e-16
       2925.1753   8.0915588e-16
       2926.7268   7.5552296e-16
       2928.2784   8.1784745e-16
       2929.8299   8.5850718e-16
       2931.3814   8.8250073e-16
       2932.9330   8.3442967e-16
       2934.4845   8.5118960e-16
       2936.0361   7.9924086e-16
       2937.5876   8.3318804e-16
       2939.1392   8.3663927e-16
       2940.6908   8.3683164e-16
       2942.2424   7.7928292e-16
       2943.7940   8.1056112e-16
       2945.3456   8.9431058e-16
       2946.8973   7.7865303e-16
       2948.4489   8.6754051e-16
       2950.0005   8.9720587e-16
       2951.5522   8.3149163e-16
       2953.1039   8.1057799e-16
       2954.6555   8.4795126e-16
       2956.2072   9.0634411e-16
       2957.7589   8.4137675e-16
       2959.3106   8.6309696e-16
       2960.8623   9.1615952e-16
       2962.4141   8.4318558e-16
       2963.9658   9.3031039e-16
       2965.5175   9.3277898e-16
       2967.0693   8.6477660e-16
       2968.6210   8.5365834e-16
       2970.1728   8.1709721e-16
       2971.7246   9.0982649e-16
       2973.2764   8.7150353e-16
       2974.8282   7.7008657e-16
       2976.3800   8.2921499e-16
       2977.9318   8.7346384e-16
       2979.4836   9.2276630e-16
       2981.0355   8.1725721e-16
       2982.5873   8.8898668e-16
       2984.1392   9.5810435e-16
       2985.6910   8.6858867e-16
       2987.2429   9.0364641e-16
       2988.7948   8.5696793e-16
       2990.3467   8.6428063e-16
       2991.8986   9.1271636e-16
       2993.4505   8.2199998e-16
       2995.0024   7.8299201e-16
       2996.5544   8.0653957e-16
       2998.1063   9.0767847e-16
       2999.6583   8.5102411e-16
       3001.2102   8.8100342e-16
       3002.7622   9.1912561e-16
       3004.3142   8.1489084e-16
       3005.8662   7.7842910e-16
       3007.4182   8.1452717e-16
       3008.9702   8.8077789e-16
       3010.5222   8.7172718e-16
       3012.0742   9.1584350e-16
       3013.6263   8.5572990e-16
       3015.1783   8.3197228e-16
       3016.7304   8.2753428e-16
       3018.2824   8.8666075e-16
       3019.8345   8.7288178e-16
       3021.3866   8.5980755e-16
       3022.9387   8.6132873e-16
       3024.4908   8.7749958e-16
       3026.0429   8.1977623e-16
       3027.5950   9.2207403e-16
       3029.1472   8.6235478e-16
       3030.6993   8.5015212e-16
       3032.2514   9.0831833e-16
       3033.8036   8.8369095e-16
       3035.3558   8.2515373e-16
       3036.9080   9.0986246e-16
       3038.4601   8.6849879e-16
       3040.0123   8.6742366e-16
       3041.5646   8.3557183e-16
       3043.1168   8.3088242e-16
       3044.6690   8.4575455e-16
       3046.2212   8.7011310e-16
       3047.7735   8.4874822e-16
       3049.3257   8.5322938e-16
       3050.8780   9.3007526e-16
       3052.4303   8.1868167e-16
       3053.9826   8.3918413e-16
       3055.5349   8.6498264e-16
       3057.0872   8.9558650e-16
       3058.6395   8.7405168e-16
       3060.1918   7.7614303e-16
       3061.7441   8.2175593e-16
       3063.2965   8.3677202e-16
       3064.8488   8.7357569e-16
       3066.4012   9.4792114e-16
       3067.9536   9.7416327e-16
       3069.5060   8.1578958e-16
       3071.0583   9.0357809e-16
       3072.6107   8.2611796e-16
       3074.1632   8.9448803e-16
       3075.7156   9.2374723e-16
       3077.2680   8.0636705e-16
       3078.8204   7.7491052e-16
       3080.3729   8.9056607e-16
       3081.9253   9.5254425e-16
       3083.4778   8.7981265e-16
       3085.0303   9.5073642e-16
       3086.5828   8.8085550e-16
       3088.1353   8.7710443e-16
       3089.6878   9.0738181e-16
       3091.2403   8.5311704e-16
       3092.7928   8.2412924e-16
       3094.3453   8.1038743e-16
       3095.8979   8.0808851e-16
       3097.4504   7.9645924e-16
       3099.0030   8.8207612e-16
       3100.5556   7.7997798e-16
       3102.1082   8.9820036e-16
       3103.6607   8.1122251e-16
       3105.2133   9.2960482e-16
       3106.7660   8.2180088e-16
       3108.3186   8.6269326e-16
       3109.8712   7.9117842e-16
       3111.4238   8.0862406e-16
       3112.9765   8.0600905e-16
       3114.5291   8.7662417e-16
       3116.0818   8.4071718e-16
       3117.6345   8.3730181e-16
       3119.1872   9.2843254e-16
       3120.7399   9.8188446e-16
       3122.2926   9.7959772e-16
       3123.8453   8.7239247e-16
       3125.3980   8.2798947e-16
       3126.9507   7.7756490e-16
       3128.5035   8.7024550e-16
       3130.0562   8.7404049e-16
       3131.6090   8.0253125e-16
       3133.1618   9.6457221e-16
       3134.7146   7.8681393e-16
       3136.2674   8.1727923e-16
       3137.8202   8.6006215e-16
       3139.3730   9.9797237e-16
       3140.9258   9.8534931e-16
       3142.4786   8.8844900e-16
       3144.0315   9.0847130e-16
       3145.5843   8.5900788e-16
       3147.1372   7.9058909e-16
       3148.6900   9.8943249e-16
       3150.2429   8.7061747e-16
       3151.7958   8.0736184e-16
       3153.3487   8.1474134e-16
       3154.9016   5.5525674e-16
       3156.4545   1.1407135e-15
       3158.0074   1.3978950e-15
